1149066, 1149068
1149166, 1149168
1149168, 1149170
1149351, 1149353
1149704, 1149706
1149762, 1149764
1149843, 1149845
1149978, 1149980
1150065, 1150067
1150162, 1150164
1150301, 1150303
1150347, 1150349
1150370, 1150373
1150424, 1150426
1150454, 1150456
1150527, 1150529
1150542, 1150544
1150606, 1150608
1151017, 1151019
1151024, 1151026
1151028, 1151030
1151031, 1151033
1151049, 1151051
1151204, 1151206
1151302, 1151304
1151400, 1151402
1151410, 1151412
1151458, 1151460
1151507, 1151509
1151554, 1151556
1151561, 1151563
1151583, 1151585
1151764, 1151766
1151792, 1151794
1151831, 1151833
1151909, 1151911
1152009, 1152011
1152014, 1152016
1152063, 1152065
1152094, 1152096
1152161, 1152163
1152242, 1152244
1152314, 1152316
1152320, 1152322
1152332, 1152334
1152438, 1152440
1152464, 1152466
1152482, 1152484
1152534, 1152536
1152631, 1152633
1152709, 1152711
1152760, 1152762
1152907, 1152909
1153006, 1153008
1153075, 1153077
1153172, 1153174
1153197, 1153199
1153262, 1153264
1153362, 1153364
1153370, 1153372
1153398, 1153400
1153404, 1153406
1153420, 1153422
1153532, 1153534
1153653, 1153655
1153658, 1153660
1153733, 1153735
1153740, 1153742
1153816, 1153818
1153881, 1153883
1154032, 1154034
1154042, 1154044
1154092, 1154094
1154151, 1154153
1154199, 1154201
1154278, 1154280
1154362, 1154364
1154450, 1154452
1154452, 1154454
1154476, 1154478
1154513, 1154515
1154585, 1154587
1154634, 1154636
1154805, 1154807
1154807, 1154809
1154813, 1154816
1154833, 1154835
1154844, 1154846
1154885, 1154887
1154940, 1154942
1154977, 1154979
1155144, 1155147
1155334, 1155336
1155511, 1155513
1155670, 1155672
1155743, 1155745
1155753, 1155755
1156307, 1156309
1156375, 1156377
1156455, 1156457
1156568, 1156570
1156714, 1156716
1156765, 1156767
1156881, 1156883
1156892, 1156894
1156918, 1156920
1156948, 1156950
1157065, 1157067
1157171, 1157173
1157257, 1157259
1157278, 1157280
1157304, 1157306
1157340, 1157342
1157378, 1157380
1157456, 1157458
1157554, 1157556
1157567, 1157569
1157649, 1157651
1157669, 1157671
1157687, 1157689
1157735, 1157737
1157812, 1157814
1157886, 1157888
1158048, 1158050
1158121, 1158123
1158137, 1158139
1158168, 1158170
1158310, 1158312
1158353, 1158355
1158472, 1158474
1158568, 1158570
1158734, 1158736
1158862, 1158864
1159119, 1159121
1159227, 1159229
1159420, 1159422
1159498, 1159500
1159609, 1159611
1159753, 1159755
1159793, 1159795
1159833, 1159835
1159855, 1159857
1159884, 1159886
1160033, 1160035
1160055, 1160057
1160080, 1160082
1160167, 1160169
1160211, 1160213
1160242, 1160244
1160473, 1160475
1160475, 1160477
1160494, 1160496
1160568, 1160570
1160762, 1160764
1160822, 1160824
1160929, 1160931
1160999, 1161001
1161015, 1161017
1161039, 1161041
1161089, 1161091
1161125, 1161127
1161240, 1161242
1161270, 1161272
1161327, 1161329
1161359, 1161361
1161430, 1161432
1161464, 1161466
1161491, 1161493
1161749, 1161751
1161752, 1161754
1161786, 1161788
1161895, 1161897
1161933, 1161935
1161954, 1161957
1161996, 1161998
1162026, 1162028
1162163, 1162165
1162208, 1162210
1162214, 1162216
1162277, 1162279
1162307, 1162309
1162372, 1162374
1162509, 1162511
1162541, 1162543
1162550, 1162552
1162616, 1162618
1162701, 1162703
1162902, 1162904
1163002, 1163004
1163052, 1163054
1163133, 1163135
1163177, 1163179
1163190, 1163192
1163328, 1163330
1163388, 1163390
1163438, 1163440
1163588, 1163590
1163769, 1163771
1163771, 1163773
1163812, 1163814
1163820, 1163822
1163831, 1163833
1163885, 1163887
1163945, 1163947
1163985, 1163987
1164015, 1164017
1164108, 1164110
1164113, 1164115
1164179, 1164181
1164243, 1164245
1164295, 1164297
1164297, 1164299
1164386, 1164388
1164388, 1164390
1164398, 1164400
1164438, 1164440
1164448, 1164450
1164499, 1164501
1164566, 1164568
1164692, 1164694
1164869, 1164871
1164875, 1164877
1164928, 1164930
1164934, 1164936
1165100, 1165102
1165152, 1165154
1165302, 1165304
1165336, 1165338
1165479, 1165481
1165588, 1165590
1165675, 1165677
1165697, 1165699
1165916, 1165918
1165939, 1165941
1165962, 1165964
1165999, 1166001
1166005, 1166007
1166031, 1166033
1166074, 1166076
1166151, 1166153
1166274, 1166276
1166451, 1166453
1166487, 1166489
1166492, 1166494
1166584, 1166586
1166620, 1166622
1166681, 1166683
1166777, 1166779
1166856, 1166858
1167097, 1167099
1167132, 1167134
1167203, 1167205
1167251, 1167253
1167327, 1167329
1167612, 1167614
1167811, 1167813
1167996, 1167998
1168022, 1168024
1168059, 1168061
lossing blocks sum: 263
